21 0.143912 0.344523 0.067007 0.395140
44 0.198736 0.399499 0.039595 0.333292
54 0.231859 0.435577 0.028173 0.219904
44 0.269931 0.373729 0.034265 0.219904
49 0.308764 0.406371 0.040356 0.154620
50 0.349882 0.358267 0.032742 0.264572
51 0.392523 0.487117 0.052539 0.391704
53 0.443158 0.426987 0.051778 0.209596
44 0.490748 0.380601 0.044925 0.233648
47 0.525775 0.370293 0.019036 0.254264
1 0.649890 0.366857 0.031219 0.233648
0 0.692530 0.378883 0.043402 0.182108
48 0.806366 0.397781 0.086804 0.206160
42 0.876418 0.621121 0.071575 0.549760
