12 0.140981 0.372602 0.060128 0.308903
43 0.193228 0.400431 0.047869 0.247679
47 0.241097 0.410171 0.024518 0.217067
50 0.265032 0.472787 0.023351 0.125231
53 0.304145 0.482527 0.040864 0.150277
55 0.342382 0.428260 0.032107 0.242113
43 0.377700 0.414346 0.038529 0.242113
36 0.423818 0.465829 0.051372 0.116882
47 0.479610 0.417172 0.021516 0.183672
44 0.505379 0.418365 0.027020 0.166975
39 0.555417 0.381392 0.054041 0.255233
50 0.587190 0.444604 0.019515 0.104955
49 0.611959 0.439833 0.031023 0.104955
40 0.649737 0.450567 0.043533 0.126424
2 0.753315 0.437448 0.050538 0.186057
5 0.798849 0.425521 0.038529 0.190828
48 0.849137 0.449375 0.050038 0.138350
42 0.865149 0.624698 0.087065 0.551016
