38 0.087964 0.375543 0.053335 0.183901
44 0.134135 0.354854 0.035822 0.188498
55 0.187470 0.364049 0.045375 0.202291
36 0.226477 0.392783 0.050151 0.075859
47 0.265881 0.362899 0.020697 0.177004
50 0.299315 0.400829 0.036618 0.096548
51 0.337526 0.470941 0.066868 0.278150
53 0.393648 0.405427 0.040599 0.082755
36 0.434644 0.412323 0.039803 0.091950
48 0.507085 0.423817 0.079605 0.128730
2 0.672266 0.411173 0.054928 0.163212
0 0.720029 0.430713 0.040599 0.101145
48 0.811575 0.407725 0.072441 0.124133
42 0.852571 0.497377 0.079605 0.326424
