28 0.129756 0.341444 0.062092 0.401231
40 0.157618 0.445830 0.030250 0.140268
53 0.194635 0.439305 0.043783 0.120696
55 0.224487 0.370803 0.039803 0.257701
53 0.255931 0.409947 0.032638 0.127220
36 0.291355 0.436043 0.039803 0.088075
47 0.330361 0.380589 0.019105 0.212033
44 0.356233 0.378958 0.018309 0.182674
49 0.388075 0.416471 0.040599 0.133744
40 0.431460 0.426257 0.046171 0.133744
5 0.626095 0.354853 0.043783 0.242207
0 0.664769 0.357844 0.030648 0.116618
48 0.756713 0.390736 0.074431 0.146520
42 0.805604 0.537256 0.042323 0.427599
