11 0.104514 0.478477 0.055364 0.382774
40 0.149144 0.549440 0.035026 0.184936
38 0.185865 0.560193 0.035026 0.159131
47 0.215525 0.481702 0.017513 0.268802
50 0.240382 0.531162 0.034461 0.161281
48 0.282752 0.530087 0.042370 0.202139
40 0.322016 0.546215 0.031637 0.174184
55 0.355065 0.512883 0.037851 0.262351
43 0.381052 0.474176 0.027682 0.301058
36 0.414666 0.478477 0.036156 0.176334
54 0.450540 0.495680 0.031072 0.219342
50 0.480481 0.491379 0.028812 0.180635
49 0.514378 0.474176 0.032202 0.189237
40 0.552794 0.503206 0.034461 0.174184
17 0.644596 0.436544 0.041806 0.311810
15 0.690074 0.446220 0.036721 0.258050
10 0.731597 0.458048 0.036156 0.311810
4 0.827919 0.436544 0.043500 0.316111
0 0.870290 0.480627 0.049150 0.193537
