42 0.064878 0.460624 0.075625 0.381649
36 0.140901 0.397379 0.050947 0.098138
37 0.201401 0.391927 0.042987 0.244255
36 0.257523 0.417007 0.059704 0.115585
51 0.316829 0.469347 0.071645 0.242074
40 0.382901 0.393017 0.042987 0.115585
49 0.422305 0.399560 0.040599 0.093777
55 0.472457 0.398469 0.061296 0.183191
44 0.508279 0.403922 0.034230 0.111223
49 0.549276 0.414826 0.052539 0.106862
6 0.718712 0.363924 0.053887 0.230667
0 0.765189 0.419284 0.040415 0.086731
0 0.806278 0.422052 0.033679 0.077504
48 0.867237 0.423897 0.066685 0.073813
42 0.873973 0.529081 0.124613 0.350614
