10 0.246879 0.491832 0.055364 0.404745
48 0.301989 0.519631 0.051641 0.128688
50 0.343302 0.543224 0.030985 0.150136
59 0.383942 0.532500 0.034128 0.171584
44 0.409538 0.484242 0.017962 0.173729
38 0.434460 0.526066 0.016615 0.163005
44 0.455566 0.482097 0.012124 0.165150
47 0.474651 0.514269 0.011675 0.199466
47 0.491041 0.509980 0.009430 0.182308
44 0.510800 0.517486 0.018411 0.201611
49 0.547622 0.567889 0.028290 0.160860
2 0.630697 0.533572 0.036373 0.246652
5 0.667969 0.566817 0.039068 0.201611
0 0.703220 0.526066 0.028740 0.145846
48 0.742063 0.548586 0.046253 0.139412
42 0.787867 0.686926 0.066909 0.458987
