14 0.294958 0.470260 0.038713 0.095869
51 0.325376 0.512049 0.031339 0.113077
53 0.358098 0.487467 0.028574 0.056538
36 0.384418 0.481322 0.029393 0.044247
61 0.417640 0.495343 0.034540 0.084329
50 0.442693 0.484315 0.024324 0.036327
47 0.460936 0.466152 0.015081 0.094708
40 0.512259 0.480748 0.078809 0.042165
21 0.551177 0.440853 0.035999 0.055787
24 0.594474 0.451557 0.031134 0.031786
28 0.624635 0.448638 0.034053 0.041516
14 0.663067 0.464855 0.041837 0.049300
12 0.703931 0.460638 0.039891 0.034380
