38 0.227925 0.499007 0.053863 0.050993
43 0.271634 0.479801 0.030022 0.062914
47 0.299448 0.478808 0.023841 0.062252
50 0.325938 0.495364 0.027373 0.035762
53 0.355519 0.496026 0.033554 0.034437
51 0.389956 0.525166 0.038852 0.092715
43 0.428808 0.476159 0.037086 0.076821
40 0.461038 0.494702 0.030905 0.034437
49 0.505629 0.500993 0.061810 0.029801
44 0.536093 0.499669 0.034437 0.043046
53 0.568764 0.503974 0.037969 0.041060
36 0.610706 0.505298 0.044150 0.050331
48 0.665453 0.509934 0.061810 0.041060
44 0.693709 0.498675 0.038852 0.054305
49 0.737417 0.509934 0.043267 0.019868
40 0.794371 0.505298 0.070640 0.030464
