22 0.151313 0.399511 0.098074 0.273995
40 0.219965 0.420792 0.035026 0.119707
55 0.258144 0.383550 0.048336 0.231433
41 0.306480 0.372909 0.046935 0.236753
50 0.339054 0.418132 0.021016 0.087785
53 0.371278 0.422122 0.046235 0.111726
48 0.437828 0.423452 0.085464 0.146308
44 0.495972 0.386210 0.022417 0.172909
49 0.522242 0.436753 0.027320 0.098425
5 0.683012 0.461499 0.038529 0.272665
0 0.719206 0.464825 0.031524 0.101972
0 0.754816 0.470367 0.021016 0.104189
48 0.847636 0.454849 0.057210 0.126357
42 0.879159 0.596723 0.044367 0.370203
