11 0.227671 0.517424 0.042641 0.089350
14 0.266885 0.520977 0.034265 0.055844
29 0.296962 0.526054 0.042641 0.076150
23 0.335034 0.522500 0.036549 0.046706
24 0.362446 0.519962 0.021320 0.043660
31 0.392523 0.519454 0.032742 0.040614
10 0.416889 0.529608 0.032742 0.054828
29 0.454199 0.537223 0.044925 0.065997
14 0.498363 0.543823 0.063200 0.058890
12 0.564989 0.533161 0.041118 0.045690
27 0.606487 0.529100 0.035788 0.051782
14 0.641133 0.538746 0.028935 0.050767
10 0.670829 0.538746 0.028935 0.062951
22 0.704713 0.544330 0.041879 0.049752
