55 0.144483 0.458169 0.096322 0.462440
36 0.199759 0.564530 0.038310 0.120234
46 0.263792 0.536783 0.035026 0.231220
40 0.310311 0.578403 0.053634 0.166478
37 0.424694 0.497476 0.043783 0.346830
40 0.477233 0.587652 0.050350 0.129483
41 0.532509 0.465105 0.058012 0.393074
50 0.560968 0.594588 0.038310 0.124859
53 0.593345 0.601028 0.025219 0.112465
40 0.625569 0.571432 0.050438 0.094708
48 0.729947 0.516679 0.093870 0.174617
40 0.791944 0.556634 0.037128 0.112465
36 0.828722 0.559593 0.037828 0.142062
47 0.874956 0.463406 0.053240 0.340356
