44 0.065251 0.425603 0.037851 0.150782
49 0.095475 0.457533 0.040676 0.069183
54 0.125982 0.447777 0.027117 0.127722
56 0.162420 0.455760 0.042370 0.069183
47 0.196317 0.432699 0.019773 0.164974
44 0.225693 0.461081 0.029942 0.129496
49 0.262697 0.481481 0.035026 0.120626
42 0.328513 0.567516 0.070617 0.409773
47 0.382182 0.454873 0.023163 0.166748
36 0.417491 0.477046 0.042935 0.072730
53 0.457319 0.477933 0.037851 0.092243
42 0.467488 0.589690 0.071747 0.315756
44 0.527089 0.485029 0.023727 0.120626
49 0.553924 0.486803 0.026552 0.067409
40 0.588102 0.493012 0.040676 0.104661
2 0.709045 0.426440 0.028400 0.179836
8 0.747858 0.421981 0.047333 0.191726
56 0.798031 0.470284 0.031240 0.101065
49 0.833531 0.476973 0.034080 0.096606
44 0.864060 0.466569 0.015620 0.126331
55 0.893880 0.463596 0.044020 0.191726
54 0.931983 0.523046 0.030293 0.230369
