10 0.129472 0.371544 0.055041 0.333939
55 0.171066 0.366070 0.048161 0.273720
50 0.210783 0.407128 0.033775 0.153283
53 0.251126 0.396179 0.033150 0.114962
57 0.288341 0.405759 0.028772 0.106751
36 0.323055 0.427657 0.034401 0.095802
54 0.356517 0.426288 0.031273 0.164232
55 0.396235 0.364701 0.040655 0.238137
36 0.435326 0.389336 0.041281 0.079379
55 0.470665 0.349647 0.038154 0.235399
44 0.507255 0.372913 0.017513 0.227188
49 0.543845 0.431763 0.050663 0.125911
2 0.680198 0.489244 0.055667 0.240874
0 0.728672 0.522090 0.037528 0.142334
48 0.844071 0.494718 0.066925 0.153283
42 0.875344 0.642527 0.054416 0.470799
