38 0.198210 0.517314 0.084399 0.342824
44 0.248082 0.588303 0.051151 0.242401
51 0.302430 0.588303 0.072890 0.408619
53 0.345908 0.598692 0.042199 0.270104
50 0.389386 0.581377 0.067775 0.249327
41 0.452046 0.562332 0.065217 0.308195
47 0.485934 0.562332 0.061381 0.294344
50 0.533887 0.584840 0.062660 0.270104
59 0.597826 0.590035 0.067775 0.218161
36 0.650256 0.602155 0.057545 0.193921
38 0.707161 0.612543 0.066496 0.180069
44 0.744246 0.622932 0.056266 0.117738
49 0.801151 0.610812 0.075448 0.183532
