54 0.176471 0.433530 0.066496 0.379269
51 0.232097 0.527370 0.052430 0.379269
44 0.265345 0.537145 0.042199 0.203320
53 0.296675 0.505865 0.043478 0.258059
50 0.340793 0.498045 0.062660 0.297159
49 0.391944 0.503910 0.057545 0.285429
50 0.448849 0.498045 0.074169 0.289339
47 0.510870 0.498045 0.049872 0.297159
36 0.572890 0.517595 0.066496 0.281519
38 0.634910 0.529325 0.070332 0.304979
55 0.675192 0.543010 0.066496 0.254149
50 0.737212 0.513685 0.065217 0.375359
49 0.792839 0.513685 0.056266 0.344079
40 0.856777 0.484360 0.086957 0.434009
