49 0.187340 0.517898 0.080563 0.254553
44 0.239130 0.515910 0.048593 0.242621
55 0.271739 0.480113 0.052430 0.274440
53 0.319693 0.521876 0.051151 0.262508
50 0.359335 0.507955 0.053708 0.282395
42 0.423274 0.605401 0.079284 0.501151
47 0.486573 0.492045 0.067775 0.377852
60 0.544118 0.633243 0.078005 0.381830
38 0.608696 0.559661 0.058824 0.290350
40 0.668798 0.585514 0.058824 0.238644
53 0.699488 0.615344 0.046036 0.274440
44 0.738491 0.583525 0.057545 0.369897
49 0.824808 0.571593 0.094629 0.282395
