36 0.160486 0.526108 0.078005 0.275319
38 0.213555 0.490506 0.046036 0.365510
40 0.257673 0.466772 0.062660 0.346522
55 0.304987 0.452531 0.065217 0.422473
36 0.368286 0.504747 0.089514 0.337029
48 0.448210 0.511867 0.090793 0.275319
44 0.503197 0.495253 0.042199 0.337029
49 0.537084 0.518988 0.051151 0.356016
50 0.597826 0.464398 0.052430 0.379751
51 0.670716 0.452531 0.070332 0.403485
43 0.730179 0.471519 0.066496 0.327535
40 0.790921 0.428797 0.057545 0.337029
49 0.852941 0.469145 0.063939 0.294307
