43 0.129156 0.497593 0.066496 0.259905
60 0.179028 0.617920 0.051151 0.356166
39 0.215473 0.550537 0.052430 0.250279
53 0.251279 0.593854 0.034527 0.154018
50 0.278133 0.569789 0.047315 0.221400
38 0.324808 0.586635 0.035806 0.206961
43 0.362532 0.564976 0.054987 0.259905
47 0.388107 0.528878 0.037084 0.322474
50 0.418798 0.579415 0.052430 0.221400
53 0.452685 0.586635 0.038363 0.168457
50 0.485934 0.577009 0.048593 0.216587
55 0.534527 0.560163 0.046036 0.298409
43 0.569054 0.569789 0.056266 0.279157
44 0.613171 0.615513 0.037084 0.245465
36 0.661125 0.617920 0.071611 0.240652
61 0.718670 0.586635 0.053708 0.283970
44 0.757033 0.610700 0.046036 0.187709
39 0.808824 0.562570 0.057545 0.293596
40 0.862532 0.603481 0.054987 0.259905
