36 0.186061 0.502635 0.072890 0.463768
48 0.270460 0.539526 0.111253 0.252964
44 0.374041 0.579051 0.044757 0.300395
55 0.413043 0.528986 0.046036 0.421607
53 0.455243 0.555336 0.040921 0.358366
44 0.491049 0.513175 0.061381 0.411067
51 0.558824 0.629117 0.043478 0.368906
47 0.583120 0.539526 0.043478 0.421607
60 0.631714 0.660738 0.066496 0.527009
47 0.677110 0.568511 0.049872 0.405797
44 0.710358 0.586957 0.026854 0.263505
49 0.750000 0.618577 0.060102 0.305665
40 0.816496 0.586957 0.078005 0.368906
