43 0.172634 0.553472 0.076726 0.267362
60 0.245524 0.594468 0.071611 0.356482
39 0.307545 0.564167 0.075448 0.324399
53 0.383632 0.583773 0.063939 0.242408
50 0.448210 0.585556 0.060102 0.224584
38 0.506394 0.558820 0.061381 0.242408
50 0.545396 0.578426 0.062660 0.217454
53 0.587596 0.574861 0.054987 0.181806
55 0.627877 0.523171 0.043478 0.249538
44 0.664962 0.567732 0.043478 0.217454
54 0.698849 0.553472 0.057545 0.224584
50 0.742327 0.549908 0.060102 0.238843
49 0.803069 0.553472 0.056266 0.217454
40 0.877238 0.539213 0.099744 0.238843
