47 0.142583 0.416045 0.072890 0.358209
40 0.198210 0.436567 0.063939 0.302239
57 0.239770 0.453358 0.049872 0.261194
50 0.284527 0.483209 0.054987 0.253731
55 0.317136 0.492537 0.056266 0.287313
43 0.372123 0.492537 0.076726 0.287313
60 0.455882 0.524254 0.095908 0.320896
53 0.514706 0.537313 0.047315 0.250000
50 0.557545 0.546642 0.058824 0.216418
61 0.599105 0.520522 0.060102 0.298507
40 0.647059 0.496269 0.069054 0.272388
44 0.692455 0.524254 0.047315 0.253731
49 0.741049 0.537313 0.057545 0.242537
40 0.801790 0.548507 0.071611 0.279851
